***** Eval results *****
 intent_acc = 0.8370607028753994
 loss = 1.545618510246277
 mean_intent_slot = 0.8856189590326364
 semantic_frame_acc = 0.6964856230031949
 slot_f1 = 0.9341772151898734
 slot_precision = 0.9144981412639405
 slot_recall = 0.9547218628719275
