***** Eval results *****
 intent_acc = 0.7721518987341772
 loss = 2.042751431465149
 mean_intent_slot = 0.8399018068868775
 semantic_frame_acc = 0.620253164556962
 slot_f1 = 0.9076517150395779
 slot_precision = 0.8958333333333334
 slot_recall = 0.9197860962566845
